-1.87435e-06
1.11985e-05
1.69317e-06
-1.72305e-05
1.39832e-05
-3.94235e-06
-7.31393e-06
5.89848e-06
-1.80195e-05
-6.60123e-05
4.20958e-05
6.07494e-05
-0.00013703
3.54173e-05
8.41908e-05
-0.000105924
-0.000126226
9.32254e-05
-2.21669e-05
1.11192e-05
0.000463926
-0.000238043
-0.000314165
0.000322411
0.000915279
0.000221252
-0.000698796
-0.000718871
0.000814739
0.00141902
-0.00114459
-0.000360824
0.00269162
0.00145888
-0.00159557
-0.00196489
-0.00412375
0.00398706
0.0014205
-0.00350624
-0.0209886
0.000352688
0.0161018
-0.00347628
-0.0125481
0.00235582
0.00213161
0.00921943
0.0165989
0.0131074
-0.013695
-0.022798
-0.0214624
-0.0142908
0.0167867
0.0776584
0.170884
0.231941
0.266987
0.270302
0.248962
0.264216
0.27337
0.247453
0.245418
0.258434
0.299804
0.331623
0.29401
0.227705
0.147068
0.0872051
0.0219388
0.00634909
0.00222583
-0.00185959
-0.0149393
0.00741685
0.0167872
0.00877275
0.005897
0.00314965
-0.00228066
-0.00320622
-0.000721292
-0.00139042
-0.000458904
0.00166554
0.0022792
-0.00156517
-0.00220012
0.00256467
0.00231858
-0.00324008
-0.00186839
0.00439095
0.00110593
-0.00437806
-0.000389843
0.00488004
0.0976547
0.163694
0.218261
0.262593
0.306626
0.32795
0.317312
0.313061
0.309211
0.314223
0.299664
0.27472
0.197962
0.138427
0.0790506
-0.000522913
-0.0702601
-0.09113
-0.0754529
-0.0373097
-0.0181445
-0.0178355
0.00863285
0.0343228
-0.008137
-0.000485933
0.0110764
-0.00184278
-0.00437117
0.00127256
0.000358811
0.00498259
-0.000253143
-0.00265655
0.000878092
-0.00649734
0.00232587
0.00699827
-0.0021507
-0.00325462
0.00128946
-0.00101655
0.000131339
0.000764849
-0.0015273
0.000384623
0.000707009
-0.00108563
0.000124887
7.45041e-05
-0.000369236
-0.000608711
-0.000192537
-8.419e-05
-0.000156669
-0.000256961
-2.32008e-05
4.2826e-07
-1.94369e-05
-2.02013e-05
3.06867e-05
1.8741e-05
3.71044e-06
-4.74491e-06
-1.99774e-05
-1.05121e-05
-4.87449e-06
2.97719e-06
1.72473e-05
2.26689e-05
1.61979e-05
3.39679e-06
4.18575e-06
2.20258e-06
-2.22941e-06
-3.12787e-06
1.56522e-06
-2.06288e-07
-9.54971e-07
1.13048e-06
7.30657e-07
-1.72962e-07
-4.10767e-07
6.86026e-07
3.4406e-07
-2.82147e-07
9.40811e-08
9.28305e-07
2.64155e-07
-6.03373e-07
-4.80116e-07
4.85088e-07
-1.62903e-07
-1.77438e-08
8.94923e-08
1.16918e-07
-1.27155e-08
-5.0773e-09
3.8163e-09
4.63308e-08
-0.00321569
-0.0107747
-0.00987233
-0.000998497
0.0188017
0.0296004
-0.0197966
-0.0277509
-0.046535
-0.0391551
0.018162
0.0980524
0.179422
0.263857
0.309399
0.332727
0.335797
0.357836
0.355265
0.31191
0.275655
0.234931
0.184226
0.131868
0.0707187
0.0574742
0.0354785
-0.0123855
-0.0481957
-0.0504866
-0.0357471
-1.05488e-05
0.0384214
0.0466947
0.0293811
-0.0134258
-0.0480357
-0.0431265
-0.042242
-0.0337675
-0.015731
0.00910427
0.0136699
-0.00610348
-0.00810246
-0.000190736
0.00465033
0.00205017
0.000990649
-0.00110719
-0.00651585
-0.00166653
0.00925421
0.00240834
-0.00736464
-0.00737354
0.00310126
0.00380725
0.00224857
-0.00350827
-0.00643248
0.00113889
0.00537412
0.000663111
-0.00173407
-0.00177902
-0.000849849
-0.00117758
-0.00121354
0.00070396
0.00148784
-0.000514872
-0.000109755
0.000386552
-0.000104726
-0.000407099
0.00039078
-0.000545344
-0.000159722
0.000886983
-7.19123e-06
-0.000397814
-0.000119565
0.000395741
0.000265968
-7.49153e-05
-0.000154814
0.000170559
8.51432e-05
-0.000139378
-3.6762e-05
0.000161192
-1.97075e-06
-5.86649e-05
5.8766e-05
1.2242e-05
7.17124e-06
2.42648e-07
-2.56687e-06
3.99205e-06
